startPose =21.23 -110.47 -97.20 -63.65 85.98 79.49
approachObj =23.03 -124.60 -75.35 -71.45 85.85 81.83
intGoal =66.57 -78.27 -132.10 -62.63 88.03 122.49
intGoal1 =40.41 -90.95 -116.69 -65.00 87.28 109.95
approachGoal =144.24 -83.25 -118.34 -71.17 87.48 113.84
goalPose1 =156.33 -115.01 -114.79 -43.33 88.00 114.96
goalPose2 =151.47 -114.71 -117.43 -39.34 86.01 105.74
goalPose3 =145.21 -114.31 -117.66 -39.17 85.88 99.47
goalPose4 =138.60 -114.81 -116.64 -39.30 85.75 92.84
goalPose5 =132.65 -115.40 -113.61 -41.86 85.96 82.79
goalPose6 =158.80 -110.03 -124.01 -38.84 87.86 120.06
goalPose7 =153.04 -109.32 -125.90 -37.50 87.59 114.29
goalPose8 =145.63 -109.79 -125.55 -37.16 87.27 102.48
goalPose9 =138.55 -110.07 -124.21 -37.95 86.96 95.40
goalPose10 =132.15 -110.90 -122.57 -38.51 86.70 89.01
goalPose11 =162.27 -105.40 -132.23 -35.32 88.13 119.10
goalPose12 =154.95 -104.10 -133.69 -34.99 87.78 111.80
goalPose13 =147.25 -104.23 -134.14 -34.18 87.43 104.09
goalPose14 =139.18 -104.59 -132.34 -35.33 87.07 96.02
goalPose15 =131.64 -106.32 -130.63 -34.99 86.77 88.47